20
31 480
2 5 6 8 9 11 12 14 16 19 22 24 27 30 33 35 38 40 41 42 43 44 47 49 51 52 55 58 60 63 64 
112 1552
3 5 7 10 11 13 15 16 17 18 21 23 26 27 30 31 33 35 38 40 41 43 44 45 48 50 51 52 55 57 59 60 61 62 65 66 68 70 72 75 78 79 82 84 87 90 91 94 96 97 99 102 104 106 109 111 113 115 116 117 118 121 124 126 127 128 129 130 132 133 135 136 139 141 143 146 149 150 152 154 155 158 160 163 166 167 169 171 172 175 177 180 182 185 187 189 191 193 196 197 200 203 206 209 211 213 215 217 219 221 222 225 
122 2732
5 7 10 13 15 17 20 23 24 25 28 30 33 36 39 41 44 46 48 51 53 56 57 60 61 64 67 69 72 73 75 76 77 78 80 83 86 87 89 91 93 95 96 99 100 101 103 106 108 111 114 117 119 122 123 126 128 130 131 132 135 138 140 142 145 146 149 151 154 155 156 157 159 162 163 166 168 170 171 174 175 177 180 182 185 187 188 189 192 195 197 200 201 203 204 205 207 208 210 212 213 216 217 220 222 224 227 228 229 230 231 232 233 235 236 239 241 244 246 248 249 252 
46 739
4 6 7 10 12 13 14 16 17 19 21 22 24 27 28 31 34 35 37 38 39 41 42 45 48 49 51 53 54 55 57 60 63 65 67 68 70 73 76 78 81 82 83 84 87 90 
21 284
4 6 9 10 11 14 15 18 19 20 22 23 25 28 29 31 33 34 35 37 40 
36 605
4 5 6 8 11 14 17 18 19 21 23 25 28 30 33 36 38 40 42 43 44 45 46 47 50 52 55 58 61 62 63 66 67 68 69 70 
46 933
3 4 7 9 12 14 17 19 20 23 24 25 27 28 29 30 33 36 37 39 42 45 47 48 50 51 54 57 58 59 62 65 66 68 71 73 74 75 76 78 80 82 85 88 91 92 
99 1804
3 4 7 8 11 12 14 16 17 19 20 23 26 27 29 32 34 35 37 40 43 44 45 47 49 52 53 55 57 60 63 66 68 70 73 74 77 78 79 82 83 84 86 87 90 93 95 97 98 100 103 104 107 109 112 114 116 118 119 122 125 127 130 133 135 137 138 139 142 145 147 148 149 151 152 153 154 155 157 159 162 165 166 169 170 172 174 175 176 177 179 180 183 186 189 192 193 196 199 
131 2608
4 5 6 7 10 12 14 16 17 18 20 22 24 27 30 32 35 38 40 43 45 48 50 53 55 56 57 58 60 63 64 66 68 70 73 76 77 78 81 84 85 86 89 90 92 93 95 97 99 101 103 106 109 112 113 116 118 120 121 124 127 130 132 134 136 137 138 141 142 144 145 146 148 151 154 157 159 161 162 164 167 168 170 173 176 178 180 181 182 183 184 187 188 190 192 194 197 199 201 203 205 207 208 209 211 214 215 217 220 223 226 229 230 231 232 233 235 237 240 241 243 244 245 247 249 251 254 257 260 262 263 
30 432
4 5 6 7 9 12 13 16 18 20 23 25 28 31 34 35 37 38 39 41 44 47 48 51 54 55 58 61 63 64 
129 2341
3 4 5 8 10 13 15 18 20 21 24 27 29 32 34 35 36 39 42 44 45 47 48 51 53 55 58 60 62 64 67 69 71 72 74 76 79 80 83 84 87 90 91 92 93 94 95 96 97 99 100 101 103 105 107 108 110 112 114 116 119 120 122 124 127 130 133 135 138 140 142 143 144 145 148 149 152 155 156 158 160 162 165 167 168 169 172 174 176 179 181 184 185 187 188 191 192 193 194 197 200 201 204 206 209 212 213 216 217 218 221 222 223 224 227 230 231 232 235 237 239 240 241 242 245 248 249 250 253 
138 2948
4 5 6 8 9 12 15 16 18 21 22 23 24 26 27 30 33 35 38 39 40 41 43 44 47 50 52 55 56 58 59 60 63 65 66 68 71 72 74 77 80 83 84 86 89 90 91 93 94 96 97 98 101 102 105 107 108 109 110 111 114 117 119 120 123 125 128 129 132 135 136 139 141 143 144 145 146 148 149 151 153 156 159 160 161 163 164 165 166 169 170 171 174 176 177 178 181 182 185 188 189 191 194 195 197 199 200 202 205 207 209 210 211 214 215 217 219 220 221 222 223 225 227 228 230 233 234 235 236 238 240 243 246 248 249 250 253 254 
45 972
3 5 6 8 10 12 14 16 17 20 23 25 26 27 29 31 33 36 38 39 40 43 46 48 50 53 54 57 58 59 62 64 67 70 71 74 77 80 82 83 85 87 89 92 94 
96 1857
2 3 5 7 10 12 13 16 19 21 24 27 29 32 33 36 39 42 45 46 49 50 51 54 56 59 60 62 63 64 67 70 71 74 76 78 79 81 83 84 86 87 89 90 91 94 97 98 99 102 104 106 107 108 111 114 115 118 121 123 125 128 130 132 133 135 138 141 144 147 150 152 155 158 161 164 167 170 173 174 177 178 179 180 181 184 187 190 193 196 197 198 201 202 203 205 
21 403
5 8 11 12 14 16 19 22 25 26 27 28 31 34 35 36 38 39 40 43 45 
80 1163
4 5 8 9 11 13 15 18 20 23 25 26 28 29 30 33 36 37 38 41 43 44 47 48 50 51 53 54 56 59 60 61 63 64 66 69 72 74 76 77 79 82 84 85 87 88 90 91 94 95 96 99 102 105 108 111 114 116 117 118 120 123 124 125 127 128 130 131 132 134 137 140 141 144 147 150 152 155 158 161 
123 2702
5 6 8 11 14 17 18 21 24 25 27 30 32 34 36 37 40 41 42 45 48 51 54 57 59 60 63 66 68 69 72 75 77 80 83 86 89 90 93 96 98 99 101 103 105 107 108 109 110 112 115 117 119 121 122 124 126 128 130 131 132 135 137 139 140 142 144 147 149 151 154 157 160 161 162 165 166 169 172 173 175 176 178 181 184 187 188 191 193 194 195 197 200 201 202 204 207 208 209 212 213 216 218 219 222 225 228 231 233 234 236 238 241 242 243 246 249 250 253 255 256 257 259 
76 1662
5 7 10 12 15 16 18 21 22 23 26 27 28 29 32 33 34 35 38 41 43 45 48 49 52 54 56 57 58 61 64 65 67 70 73 74 77 80 83 84 85 87 89 90 91 92 93 96 98 99 101 104 105 106 108 109 110 113 114 117 119 122 125 128 131 133 136 139 142 145 147 149 151 154 156 157 
53 1215
3 5 8 10 11 14 15 17 20 22 25 26 28 30 32 35 37 40 43 45 48 50 52 53 55 58 60 62 63 65 67 68 71 73 74 77 80 82 84 85 87 88 89 92 94 96 97 99 100 101 102 103 105 
144 2669
2 4 5 7 10 12 13 16 17 20 23 26 27 28 31 33 34 35 37 39 41 44 45 48 49 51 54 57 58 59 62 63 65 67 68 71 74 75 78 80 82 85 87 90 93 94 95 98 99 101 102 105 108 111 113 115 117 118 120 122 123 124 126 127 130 133 135 137 140 141 143 146 149 151 154 155 157 158 159 161 164 166 168 169 171 172 174 175 177 180 183 186 187 190 192 194 195 196 197 199 200 203 204 205 208 210 212 214 215 216 217 220 222 225 227 228 230 232 233 235 236 239 241 243 245 247 249 250 251 252 253 256 257 259 260 262 264 266 267 270 273 275 278 279 
